Set Trimming successful - The candidates solution set is not empty

************ Initial Set generated from Primordial Set ************

Candidate set cardinality after each trimming [1444, 741, 705]

******************** Starting Execution for DC_Example4 ********************

The solution of Equipment1 "DC" is presented below:
Set trimming and Enumeration activated. Performing Set Trimming First, followed by Selected Enumeration
Set Trimming successful - The candidates solution set is not empty
Set Trimming Solution {'trimmed_candidates': array([[ 3,  4,  5, ..., 38, 39, 40],
       [13, 13, 13, ..., 42, 42, 42]]), 'candidate_set_cardinality_after_each_trimming': [705]}
Elapsed time Set Trimming: 0.0
Performing Smart Enumeration now
Lower bound values [1.00000000e+20 3.46189876e+05 1.85900711e+05 1.28456719e+05
 1.04353710e+05 9.20324368e+04 8.63795470e+04 8.34720333e+04
 8.19333317e+04 1.00000000e+20 3.49193102e+05 1.87131772e+05
 1.29190805e+05 1.04903994e+05 9.24240720e+04 8.67371485e+04
 8.38124690e+04 8.22647959e+04 8.14962782e+04 1.00000000e+20
 3.52182011e+05 1.88354756e+05 1.29919334e+05 1.05449848e+05
 9.28127924e+04 8.70920480e+04 8.41503137e+04 8.25937282e+04
 8.18208017e+04 8.14109949e+04 1.00000000e+20 3.55157866e+05
 1.89570374e+05 1.30642794e+05 1.05991664e+05 9.31988547e+04
 8.74444838e+04 8.44857957e+04 8.29203516e+04 8.21430432e+04
 8.17309287e+04 8.15420589e+04 1.00000000e+20 3.58121734e+05
 1.90779230e+05 1.31361601e+05 1.06529771e+05 9.35824766e+04
 8.77946573e+04 8.48191085e+04 8.32448552e+04 8.24631895e+04
 8.20487804e+04 8.18588573e+04 8.17721396e+04 1.00000000e+20
 3.61074532e+05 1.91981840e+05 1.32076111e+05 1.07064453e+05
 9.39638445e+04 8.81427416e+04 8.51504178e+04 8.35674008e+04
 8.27814007e+04 8.23647090e+04 8.21737382e+04 8.20865452e+04
 8.20651477e+04 1.00000000e+20 3.64017052e+05 1.93178651e+05
 1.32786630e+05 1.07595955e+05 9.43431199e+04 8.84888862e+04
 8.54798672e+04 8.38881289e+04 8.30978155e+04 8.26788523e+04
 8.24868389e+04 8.23991731e+04 8.23776595e+04 8.23953768e+04
 1.00000000e+20 3.66949988e+05 1.94370055e+05 1.33493429e+05
 1.08124492e+05 9.47204438e+04 8.88332220e+04 8.58075819e+04
 8.42071619e+04 8.34125548e+04 8.29913307e+04 8.27982795e+04
 8.27101429e+04 8.26885140e+04 8.27063271e+04 8.27505701e+04
 1.00000000e+20 3.69873950e+05 1.95556395e+05 1.34196744e+05
 1.08650253e+05 9.50959406e+04 8.91758641e+04 8.61336725e+04
 8.45246077e+04 8.37257256e+04 8.33022503e+04 8.31081657e+04
 8.30195605e+04 8.29978166e+04 8.30157252e+04 8.30602050e+04
 8.31278144e+04 1.00000000e+20 3.72789479e+05 1.96737978e+05
 1.34896785e+05 1.09173404e+05 9.54697206e+04 8.95169148e+04
 8.64582371e+04 8.48405623e+04 8.40374223e+04 8.36117050e+04
 8.34165914e+04 8.33275194e+04 8.33056610e+04 8.33236647e+04
 8.33683804e+04 8.34363480e+04 8.35272457e+04 1.00000000e+20
 3.75697059e+05 1.97915076e+05 1.35593741e+05 1.09694097e+05
 9.58418820e+04 8.98564652e+04 8.67813630e+04 8.51551110e+04
 8.43477296e+04 8.39197789e+04 8.37236402e+04 8.36341032e+04
 8.36121309e+04 8.36302292e+04 8.36751799e+04 8.37435043e+04
 8.38348795e+04 8.39527690e+04 1.00000000e+20 3.78597124e+05
 1.99087934e+05 1.36287778e+05 1.10212464e+05 9.62125134e+04
 9.01945974e+04 8.71031290e+04 8.54683306e+04 8.46567233e+04
 8.42265474e+04 8.40293874e+04 8.39393871e+04 8.39173012e+04
 8.39354939e+04 8.39806786e+04 8.40493586e+04 8.41412094e+04
 8.42597127e+04 8.44102750e+04 1.00000000e+20 3.81490066e+05
 2.00256773e+05 1.36979051e+05 1.10728627e+05 9.65816945e+04
 9.05313853e+04 8.74236058e+04 8.57802905e+04 8.49644718e+04
 8.45320785e+04 8.43339007e+04 8.42434389e+04 8.42212398e+04
 8.42395265e+04 8.42849444e+04 8.43539787e+04 8.44463035e+04
 8.45654185e+04 8.47167586e+04 8.49076655e+04 1.00000000e+20
 3.84376240e+05 2.01421794e+05 1.37667696e+05 1.11242697e+05
 9.69494977e+04 9.08668958e+04 8.77428577e+04 8.60910534e+04
 8.52710373e+04 8.48364340e+04 8.46372418e+04 8.45463199e+04
 8.45240079e+04 8.45423884e+04 8.45880388e+04 8.46574262e+04
 8.47502234e+04 8.48699480e+04 8.50220634e+04 8.52139490e+04
 8.54550165e+04 1.00000000e+20 3.87255970e+05 2.02583179e+05
 1.38353840e+05 1.11754772e+05 9.73159887e+04 9.12011901e+04
 8.80609433e+04 8.64006766e+04 8.55764764e+04 8.51396700e+04
 8.49394667e+04 8.48480861e+04 8.48256617e+04 8.48441355e+04
 8.48900177e+04 8.49597571e+04 8.50530252e+04 8.51733575e+04
 8.53262457e+04 8.55191068e+04 8.57614013e+04 8.60668775e+04
 1.00000000e+20 3.90129551e+05 2.03741094e+05 1.39037596e+05
 1.12264945e+05 9.76812278e+04 9.15343240e+04 8.83779162e+04
 8.67092123e+04 8.58808406e+04 8.54418379e+04 8.52406266e+04
 8.51487887e+04 8.51262522e+04 8.51448192e+04 8.51909324e+04
 8.52610226e+04 8.53547603e+04 8.54756984e+04 8.56293570e+04
 8.58231907e+04 8.60667084e+04 8.63737288e+04 8.67596306e+04
 1.00000000e+20 3.92997254e+05 2.04895694e+05 1.39719071e+05
 1.12773300e+05 9.80452702e+04 9.18663486e+04 8.86938254e+04
 8.70167085e+04 8.61841775e+04 8.57429848e+04 8.55407684e+04
 8.54484747e+04 8.54258264e+04 8.54444862e+04 8.54908298e+04
 8.55612699e+04 8.56554756e+04 8.57770178e+04 8.59314446e+04
 8.61262480e+04 8.63709853e+04 8.66795456e+04 8.70673860e+04
 8.75568788e+04 1.00000000e+20 3.95859330e+05 2.06047118e+05
 1.40398360e+05 1.13279914e+05 9.84081669e+04 9.21973112e+04
 8.90087161e+04 8.73232095e+04 8.64865307e+04 8.60431542e+04
 8.58399354e+04 8.57471871e+04 8.57244274e+04 8.57431798e+04
 8.57897530e+04 8.58605420e+04 8.59552146e+04 8.60773591e+04
 8.62325520e+04 8.64283224e+04 8.66742760e+04 8.69843717e+04
 8.73741454e+04 8.78660831e+04 8.84880328e+04 1.00000000e+20
 3.98716009e+05 2.07195498e+05 1.41075555e+05 1.13784858e+05
 9.87699646e+04 9.25272551e+04 8.93226300e+04 8.76287560e+04
 8.67879405e+04 8.63423860e+04 8.61381677e+04 8.60449660e+04
 8.60220951e+04 8.60409398e+04 8.60877422e+04 8.61588791e+04
 8.62540172e+04 8.63767625e+04 8.65327194e+04 8.67294542e+04
 8.69766207e+04 8.72882477e+04 8.76799496e+04 8.81743256e+04
 8.87993665e+04 8.95942700e+04 1.00000000e+20 4.01567504e+05
 2.08340953e+05 1.41750737e+05 1.14288198e+05 9.91307070e+04
 9.28562208e+04 8.96356058e+04 8.79333857e+04 8.70884442e+04
 8.66407174e+04 8.64355021e+04 8.63418482e+04 8.63188664e+04
 8.63378032e+04 8.63848341e+04 8.64563181e+04 8.65519205e+04
 8.66752650e+04 8.68319839e+04 8.70296806e+04 8.72780570e+04
 8.75912114e+04 8.79848364e+04 8.84816445e+04 8.91097686e+04
 8.99086061e+04 9.09296100e+04 1.00000000e+20 4.04414014e+05
 2.09483595e+05 1.42423984e+05 1.14789996e+05 9.94904344e+04
 9.31842456e+04 8.99476795e+04 8.82371338e+04 8.73880765e+04
 8.69381828e+04 8.67319731e+04 8.66378681e+04 8.66147757e+04
 8.66338044e+04 8.66810631e+04 8.67528933e+04 8.68489589e+04
 8.69729010e+04 8.71303800e+04 8.73290363e+04 8.75786195e+04
 8.78932975e+04 8.82888409e+04 8.87880751e+04 8.94192747e+04
 9.02220367e+04 9.12480773e+04 9.25746062e+04 1.00000000e+20
 4.07255724e+05 2.10623528e+05 1.43095368e+05 1.15290308e+05
 9.98491843e+04 9.35113644e+04 9.02588843e+04 8.85400329e+04
 8.76868697e+04 8.72348144e+04 8.70276125e+04 8.69330575e+04
 8.69098548e+04 8.69289751e+04 8.69764613e+04 8.70486368e+04
 8.71451644e+04 8.72697028e+04 8.74279400e+04 8.76275536e+04
 8.78783407e+04 8.81945386e+04 8.85919957e+04 8.90936503e+04
 8.97279182e+04 9.05345952e+04 9.15656608e+04 9.28987213e+04
 9.46407829e+04 1.00000000e+20 4.10092805e+05 2.11760851e+05
 1.43764954e+05 1.15789189e+05 1.00206992e+05 9.38376097e+04
 9.05692515e+04 8.88421134e+04 8.79848538e+04 8.75306418e+04
 8.73224502e+04 8.72274463e+04 8.72041336e+04 8.72233453e+04
 8.72710582e+04 8.73435783e+04 8.74405669e+04 8.75657001e+04
 8.77246939e+04 8.79252624e+04 8.81772506e+04 8.84949649e+04
 8.88943314e+04 8.93984007e+04 9.00357298e+04 9.08463131e+04
 9.18823921e+04 9.32219696e+04 9.49726061e+04 9.73019589e+04
 1.00000000e+20 4.12925418e+05 2.12895652e+05 1.44432806e+05
 1.16286687e+05 1.00563890e+05 9.41630119e+04 9.08788101e+04
 8.91434037e+04 8.82820570e+04 8.78256933e+04 8.76165141e+04
 8.75210623e+04 8.74976397e+04 8.75169427e+04 8.75648820e+04
 8.76377457e+04 8.77351943e+04 8.78609210e+04 8.80206696e+04
 8.82221909e+04 8.84753775e+04 8.87946048e+04 8.91958764e+04
 8.97023550e+04 9.03427386e+04 9.11572194e+04 9.21983010e+04
 9.35443812e+04 9.53035743e+04 9.76444148e+04 1.00827078e+05
 1.00000000e+20 4.15753715e+05 2.14028019e+05 1.45098983e+05
 1.16782850e+05 1.00919909e+05 9.44875993e+04 9.11875875e+04
 8.94439307e+04 8.85785056e+04 8.81199949e+04 8.79098303e+04
 8.78139316e+04 8.77903995e+04 8.78097935e+04 8.78579585e+04
 8.79311653e+04 8.80290727e+04 8.81553917e+04 8.83158934e+04
 8.85183654e+04 8.87727479e+04 8.90934849e+04 8.94966574e+04
 9.00055402e+04 9.06489717e+04 9.14673416e+04 9.25134151e+04
 9.38659843e+04 9.56337161e+04 9.79860208e+04 1.01184456e+05
 1.05668510e+05 1.00000000e+20 4.18577836e+05 2.15158029e+05
 1.45763538e+05 1.17277721e+05 1.01275078e+05 9.48113988e+04
 9.14956094e+04 8.97437192e+04 8.88742245e+04 8.84135712e+04
 8.82024234e+04 8.81060787e+04 8.80824372e+04 8.81019220e+04
 8.81503124e+04 8.82238615e+04 8.83222269e+04 8.84491368e+04
 8.86103900e+04 8.88138108e+04 8.90693865e+04 8.93916300e+04
 8.97966995e+04 9.03079814e+04 9.09544544e+04 9.17767054e+04
 9.28277605e+04 9.41868056e+04 9.59630589e+04 9.83268050e+04
 1.01540982e+05 1.06047460e+05 1.12624350e+05 1.00000000e+20
 4.21397916e+05 2.16285759e+05 1.46426524e+05 1.17771341e+05
 1.01629424e+05 9.51344355e+04 9.18028997e+04 9.00427929e+04
 8.91692368e+04 8.87064454e+04 8.84943164e+04 8.83975266e+04
 8.83737760e+04 8.83933514e+04 8.84419667e+04 8.85158573e+04
 8.86146797e+04 8.87421794e+04 8.89041826e+04 8.91085501e+04
 8.93653167e+04 8.96890637e+04 9.00960262e+04 9.06097023e+04
 9.12592107e+04 9.20853350e+04 9.31413618e+04 9.45068699e+04
 9.62916280e+04 9.86667934e+04 1.01896682e+05 1.06425542e+05
 1.13035826e+05 1.26744886e+05 1.00000000e+20 4.24214079e+05
 2.17411280e+05 1.47087990e+05 1.18263750e+05 1.01982973e+05
 9.54567330e+04 9.21094812e+04 9.03411739e+04 8.94635644e+04
 8.89986393e+04 8.87855309e+04 8.86882970e+04 8.86644375e+04
 8.86841034e+04 8.87329431e+04 8.88071746e+04 8.89064531e+04
 8.90345413e+04 8.91972930e+04 8.94026054e+04 8.96605605e+04
 8.99858079e+04 9.03946598e+04 9.09107253e+04 9.15632631e+04
 9.23932532e+04 9.34542420e+04 9.48262007e+04 9.66194474e+04
 9.90060107e+04 1.02251582e+05 1.06802785e+05 1.13446406e+05
 1.27288846e+05 1.44952614e+05 1.00000000e+20 4.27026443e+05
 2.18534657e+05 1.47747982e+05 1.18754984e+05 1.02335748e+05
 9.57783137e+04 9.24153753e+04 9.06388832e+04 8.97572282e+04
 8.92901733e+04 8.90760876e+04 8.89784104e+04 8.89544421e+04
 8.89741984e+04 8.90232621e+04 8.90978338e+04 8.91975674e+04
 8.93262430e+04 8.94897418e+04 8.96959973e+04 8.99551385e+04
 9.02818835e+04 9.06926211e+04 9.12110716e+04 9.18666330e+04
 9.27004815e+04 9.37664229e+04 9.51448201e+04 9.69465398e+04
 9.93444803e+04 1.02605706e+05 1.07179213e+05 1.13856115e+05
 1.27831535e+05 1.45599723e+05 1.78940531e+05 1.00000000e+20
 4.29835121e+05 2.19655955e+05 1.48406542e+05 1.19245077e+05
 1.02687773e+05 9.60991986e+04 9.27206022e+04 9.09359405e+04
 9.00502476e+04 8.95810670e+04 8.93660057e+04 8.92678861e+04
 8.92438093e+04 8.92636557e+04 8.93129429e+04 8.93878542e+04
 8.94880422e+04 8.96173041e+04 8.97815485e+04 8.99887454e+04
 9.02490705e+04 9.05773102e+04 9.09899300e+04 9.15107609e+04
 9.21693403e+04 9.30070402e+04 9.40779252e+04 9.54627492e+04
 9.72729266e+04 9.96822242e+04 1.02959077e+05 1.07554851e+05
 1.14264979e+05 1.28372990e+05 1.46245422e+05 1.79794655e+05
 2.54889406e+05]
Incumbent value: 89243.80934472362
**********************************
Updating incumbent
Lower Bound: 84532.0785004598 Candidate: 86
New Incumbent: 89180.62956671363
**********************************
Updating incumbent
Lower Bound: 84836.43396541779 Candidate: 98
New Incumbent: 88491.41195919999
**********************************
Updating incumbent
Lower Bound: 85139.66996488553 Candidate: 111
New Incumbent: 88014.64718769968
**********************************
Updating incumbent
Lower Bound: 85441.83786799334 Candidate: 125
New Incumbent: 87716.37390679235
**********************************
Updating incumbent
Lower Bound: 85742.98480509479 Candidate: 140
New Incumbent: 87533.73694964004
**********************************
Updating incumbent
Lower Bound: 86043.15416137934 Candidate: 156
New Incumbent: 87455.07088159517
**********************************
Updating incumbent
Lower Bound: 86342.3859974402 Candidate: 173
New Incumbent: 87440.65877034342
##################################
Exit at candidate: 240
Lower Bound: 87444.48375505453 Candidate: 240
Solution after Smart Enumeration {'TAC_OF': {'TAC': array(87440.65877034)}, 'Nf': array([13]), 'Ns': array([31])}
Elapsed time for Equipment1 "DC": 328.44 seconds 

OF Solution total ($/year) 87440.65877034342
Total elapsed time: 336.92 seconds

